4836261660
4836146478
4836327951
4588790803
4069412505
2770513789
4803784839
4831029966
4392419735
4385701674
4830822864
4681785908
4836441375
4641664728
2990740091
4045464491
4834649590
4806147580
4802946696
4836448714
4831550876
3988942326
4665975633
4832573826
4451173048
4387638884
4599367015
4156061527
4827985132
4836214963
4823949266
4740145270
4833429617
4805086880
4589374405
4832632540
4830002700
4420999797
2313153326
4046661501
4341616452
3682707737
4373063842
4830389021
4523203073
4833673185
4808446595
4830812762
4834335174
4828827343
3910687562
4810024876
4835245221
4833430505
4836083415
4831387584
4815914588
4191832409
4833061780
4834235052
4777745292
4693065950
4834252975
4834530394
4817981477
2943153807
4806155970
4576744452
4834768329
3664821998
4830400865
4828019050
4835540528
4835725955
4033890873
4823490810
4835503773
4834908789
4805205956
2826398845
1310693454
4836057513
4836044672
4753344127
4811757815
4763949392
4833436384
4814239626
4814729784
4811403627
4836082179
4836072636
4688477824
4056270284
2640580299
4831194082
4836019336
4299131905
4829927695
4829480495
4831746061
4835549430
4808730618
3448250006
4835751839
4812515276
4835729247
4774261171
4760549144
4614118238
4753107244
4833076187
4834347888
4829809209
4835652861
4087281285
4738028603
4835709176
4688978793
4830276745
4833057355
4649245201
4776646184
4733212784
3877847527
4828845065
3292396418
4812553487
4835598147
3001392949
4812209006
3889348934
4099213059
3530328658
4830952078
4810047168
4828890882
4689281815
4446723999
3813062755
2652404924
3849390225
4804649752
4826027675
4798667325
4833828438
4694058951
4640802787
4835544141
3836661851
4572797881
4834134301
3640259178
4828837275
4683268898
4755035313
3619520139
4834319963
4835122901
4649219321
4303848577
4835105107
4830072807
4828397603
4834930478
4678127674
4801366105
4236808150
4829735588
4828196495
4834895354
4781065185
4369524114
2362998596
4834357021
4787331039
4746614949
4571109954
4815712403
4834803534
4146852869
3532742286
4570036940
4833777083
4459014057
4834276624
4578495482
4834433830
3343717172
4831803128
4834482880
3833284800
4786490105
4117801285
4834454989
4834393201
4833130895
4057227878
3762705251
4344398616
3759882379
4795935153
4618437600
4829480582
4834255015
4826243106
4806054763
4834403710
4834380426
4832663749
4787585935
4834294642
4834378156
4834374883
4834372402
4834370520
4585088249
4757806775
4772099201
4814888858
4833538695
4814661393
4824438916
4829309436
4365593050
4833001138
4319181320
4833953140
4790906526
4834206149
4834178161
4834157205
4831225752
4832461844
4341705040
3050854140
4778954270
3765077750
4833746493
4165876227
4833692869
2999145738
4215185389
3947744257
2983508646
4823881863
4833572382
2915302509
4296215083
4833587155
4833602656
4833280410
3705610982
4777233414
3940989933
4833453555
4120719983
4832553912
4833438756
2697191093
4833378514
3938749133
4829274528
1940999228
4833388009
2793510072
2665722549
4828693073
4711109269
4533907460
3597408572
3390137457
4829687122
4741158686
4803472218
4832782216
3366505651
4832944948
4735988526
2023508729
4448343292
3738713818
4832896197
4832875491
4767368126
4061991814
4713785256
4832789212
4298536130
4831839223
4832602455
4557089930
4359527333
4555729043
4783884473
4808573296
4828695600
4831746993
4820115198
4823720912
4658233548
4570475825
4817039083
4829940028
4828811146
4239582608
4831702969
4800563340
4069192638
4784528686
4796379519
4562125500
4829286777
4832033937
2788999231
4831013266
4831970693
4831977969
4823305483
4827770407
4830407441
4830762495
4815018945
4789650336
4822205384
4811655876
4186184278
4458422020
4831803088
4312648141
4831151432
2439781354
2453422846
4817644308
4779700144
4831693078
4771966183
4412204116
4825433420
4825302960
4817232801
4830970520
4831311703
4829572294
4694207561
4823792021
4829062721
4830948278
4154168342
4831236021
4736504875
4825135365
4794428491
4718465473
2817453952
4808610036
4828626361
4831033539
4831093220
4658441434
4825294455
4820496978
4747307704
4828229382
4692363082
4781506933
4547117170
4830448327
4828627135
4830286706
4824706094
4828147693
4739179420
4829769800
3731447271
3642736301
4829959091
4830412931
4830422969
3976368370
4806324601
4561555829
4829180725
4811078333
4830009936
4802893900
4825008672
4827044387
4829068679
4830376934
4779483740
4829259654
4230442542
4830329874
4650920575
4579708585
4830291395
3972726245
4799143017
4829059502
4827589760
4720726701
4824765945
4635703837
4737891930
4830176023
4829866937
1297386436
3330085431
3824815781
4829026392
4829345970
4815292715
4774876502
4829691930
4829627124
4645409604
4804909756
4670781264
4829372761
4829091758
4829564564
4816997455
4829224840
4767183165
4782967725
4829421898
4828989729
4827775998
4672324282
4825156865
4829387310
4798146352
3973152360
3534015909
4561281276
4826990899
4827322298
4337910821
4674442849
2900476426
4829037286
4828850697
4801613765
4824755405
4823844821
4810373020
4549274071
4810609071
4808800450
4828710066
4826382315
4828648487
4792901223
4809100003
4828264746
4824914567
4828550662
4590240601
4827662333
4815483678
4815358287
3849102450
4827973265
4749160918
4825171317
4792348045
4827943002
4822217439
4821654177
3953266436
4060572450
4356452645
3059891500
2464633188
4816955815
4721820090
4438535989
4513390269
4824848683
4827701807
4824530034
4646560910
4827666052
4827621801
4657981682
3838116877
4819494595
4817373078
3990615213
4343041260
4826553501
4372955501
4756034071
4825064581
4722957462
1754359250
4486380269
2862493298
4564283735
4812359343
3512980245
2978483507
4814030921
3776059381
4823708523
4813350660
4732949806
4094537817
4826722824
4684008383
4826582927
4826721938
4826711962
4818703098
4725087812
4826581839
4826638734
4365942760
4826587947
3338116969
4798037267
4825632940
4826566168
3245409481
4590821221
4823909787
3086388784
4766080808
4567790669
4826049833
4696762250
4826050538
4760159765
4825896813
4825911710
4024664856
3639250680
4808611164
4806664076
4825483720
4816456805
4825482821
4805174182
4729078172
3311438390
4804142238
3637764495
4729557707
4576439290
4668328508
4825363199
4471527108
4602331390
4713092048
4747121226
4823621072
4749707070
4654016909
4824795566
4780669279
4824799604
4815322341
3614553506
3340106821
3257442507
4824540247
4824624165
4824614403
4457043398
4822365642
4654726459
4481434674
4701410883
4824392285
4815654837
4819321344
4807757973
4824225931
4816711621
4821541239
4797081197
4822742183
4683120276
4811430118
4823801570
4042815348
4810335221
4705730533
4823274389
4823629660
4816604332
4820617640
3858221238
4823421844
4821285484
4495168716
4254130580
4026608215
4822274364
4685927125
4819735437
4823439682
4571969018
4823441676
4823372058
4815404348
4820197898
4823388616
4823263650
4683155982
2252353452
4013472689
4818957805
4822313365
4819042058
4822469475
3992457161
4187423866
4822249431
4820881456
4804036887
4822468036
4812383248
4812713950
4813793165
4812293587
4382915403
4822242806
2248205605
4812483522
4683093478
4485107866
4817518270
4117576466
4763812246
4445093881
4623777848
4822261844
4739801681
4811172690
4821932304
4822135812
4810400902
4788888046
3070012360
4820997486
4732583295
4758978542
4821674022
4812605983
4822000802
4247781849
3967902506
4820521025
4435959948
4820498849
4821043233
4815383614
4821317456
4820954028
4680948497
4819534726
4813831281
4819823848
4818128409
3602079621
4772338804
4814799120
4820610776
4808743445
4256699167
4705713301
2915557020
4820951664
4820303966
4820920855
4551690111
4810228063
3595532556
4820832643
4820807909
4820816263
4820879928
4420161033
4222863635
4468238566
4617133350
4783899739
4816741339
4801694378
4815483052
4682274040
4805199328
4813571945
4817805292
4800399083
4815174278
3072434380
4816623103
4819750053
4817873386
4715901421
3707042066
4570775048
4238720666
4491182244
4819903986
4819445175
4785960871
4628737067
4814784412
4819655546
4772599600
4814772078
4816783573
4597354633
4664909791
4616649077
4767338468
4817958775
4808420478
4818713753
4819688832
4810693856
4810697999
4819070791
4818745559
4819574524
4818985079
4818367187
4666544250
4668907275
2728777146
4817459412
4796772188
4489781820
4765734510
4816989849
4792621195
4797164273
4739435620
4769243899
4818613342
4810124416
4818158269
4811030965
4818627604
4817467114
4741378116
4818674229
4818230093
4818580926
3720013393
3887839667
4714068572
2609663418
4720288250
4816834342
4790687154
4773156473
4501288806
4646921243
4816958297
4780054328
4742556639
4816593240
3752926475
4742882403
4817327067
4670444512
4816783736
4816868372
4817653829
4725027288
4564252104
4790230568
4817323460
4817612467
4817566290
4753892619
4392876754
4786503611
3983534747
4817435344
4816259855
4817370458
2806614372
4815229080
4814096204
4817178610
4778494602
3351628793
4777320004
3378884085
4215294609
4806893073
4776964301
4413697719
4253920346
4814322948
4812158541
4812460080
4738776110
4608605650
3898907897
4645105256
4620388019
4813315677
3610640078
3694569614
4813950340
4758811627
4774244972
4814928662
3975121967
4816433285
4426517506
4813160816
4816461066
4689511103
4811665531
4815373644
3786335977
4747187948
4792187836
4459202658
4760241267
3663187524
4809221495
4807874854
4407779020
4764170261
4815494197
4815577271
4771122754
4304253873
4813990991
4812507524
4808071327
4815467944
4808871328
4734469798
4739427227
4807857118
4525632339
4803985838
4814706738
4814388521
4814417141
4815133586
4814049559
4814084512
4752520076
4808487356
4313525106
2757443412
4167557513
4809942542
4814518815
4805650596
4423891367
4810796285
4804388677
4811512590
4156026234
2647546111
4788062293
4402461426
4812671524
4361418876
4812508547
4812681898
4635391646
4800163549
4811084503
2235943262
4424379669
4814059662
4811529530
4808727563
4814076533
4126497619
4812716871
4813818702
4811670544
3912679587
4809725199
4704691520
4801381377
4779005992
4810197199
4521349942
4586948755
4813465848
4813211059
4810141147
4813003562
4706343740
4809828288
4812057291
4812768232
4803897111
4810806839
4812740945
4812836246
4810767606
4563288820
4812829094
4812301807
4812782991
4812787612
4812740307
4802818303
4044829078
4812647610
4812642407
4804962148
4794357708
4812727064
4812707563
4812670273
4803770769
4765678756
4729717820
4812578186
4784823249
4798527430
4805648075
4795035507
4782936413
4798519540
4812383249
4812389026
4812467600
4697168194
4806227326
4811533980
4811284639
4259867642
4811509094
4810871742
4806036098
4810954868
4803642522
4811712632
4811469736
4805881915
4811554185
3950535316
4811521541
4811510805
4804236203
1996545824
4549320166
4811471310
4811408008
4810999181
4804488207
4758184758
4756378570
4809703500
4810169284
4809961995
4809249003
4810099018
4612896908
3961081800
3711813070
4802588599
4794902386
4745225605
4792030968
4808955229
4809515812
3641258965
4317047231
4810369770
4807339133
4810161731
4426115161
3558759406
4809396474
4565482727
4807729015
4810347851
4810378517
4809815626
4674323040
4810317022
4810289132
4808625374
4742578128
4783027605
4724544513
4810126598
4810243706
4551032019
4806572041
4780906603
4666304512
4810120130
4586014822
3916568423
4810093182
4217999017
4810078021
4807553151
4809577389
4809928363
4810043196
3457579622
4802945453
4209138147
4346388754
4801298483
4809300465
4808775022
4373144363
4608991676
4808938280
4808914815
4809109892
4614606411
4802367104
4601400017
4808755457
4809049826
4806702075
3990843314
4808985443
3990027067
4260727227
4774788464
4807824000
4666289580
4808884869
4808795343
4798844083
4614972289
4808246770
4807590590
4808719165
4808611843
4808702414
4808767697
3670313186
4807664960
4807302606
4807978625
4377783262
4716204090
4741674369
3115649071
4808068101
4807743828
4807999750
4803424485
4807649881
4807872922
4803637193
3641641119
4675360375
4807764919
4070843930
3740963230
4412235466
4082481751
2255341531
4684467512
4795917663
4807166327
4807395062
4362931165
4807598024
4805403107
4806646947
4806718538
4806886745
4806805204
4305601951
4806787644
4806470359
4475614812
4716367720
4799983032
4806416405
4804801875
4576147797
4801017165
4806488747
4016436049
4748763428
2555213144
2311180712
4803416705
4802206549
4797476060
4804679529
4797506754
4708040508
4785149049
4801652544
4804605091
3318929374
3992069182
4606545434
4804222935
4736461665
4794382628
4744351627
4790123421
4804456370
4803538639
4342018527
3890508994
4731803292
3543393450
4805072398
4785700010
4802531512
4805170680
4791727193
4804974095
4805051833
4788802926
4804961899
4804377265
4728136136
4801392685
4774102676
4803621946
4684051188
2968188242
4796996641
4804961257
3990073804
4699097529
3694446849
4803385021
4804062545
4758321284
4803935330
4803780249
4802639809
4749983349
4803835460
4782260636
4803823678
4491285607
4714168881
4803746533
4788940473
4794104487
4803611756
4799721860
4803195199
4803528053
4803612666
4801763113
4794560929
4642483941
4031854015
4803118938
4791647177
4141462008
4802899833
2319120229
4772865468
4792713475
4802612161
4752729165
4486461297
3974150000
4789809465
4783508359
4802985515
4800079554
4773617300
4181221430
4760095673
4796268799
4801689409
4746154901
3278127009
4798522331
4803026852
2262930125
4802223990
4802492939
4185414803
4799923875
4625735657
4802627689
4802819560
3594637127
4797922086
4782645793
3864823273
3987576161
4801650217
4161436211
3558586767
4624527059
4801349606
4773434059
4655720522
4672866357
4506798173
4302215490
4799441239
4801592026
4800735084
4793059351
4467247869
4309433974
4798763989
4503993555
4785450180
4801370621
4767374248
4801278746
4801297621
4725474823
4649698264
4788806041
4406556874
4800430238
4801043763
4799990597
4338021074
4086437631
4295843258
3786568704
4493657842
4800370980
4780941089
4753142653
4786992908
4782766176
4800244632
4800116570
3982040707
4796711814
4406040628
4798726581
4790980549
4797381051
4785378782
4797505386
4795879778
4786235520
2615411771
3796972561
3977501311
4799716876
4793825494
4798222544
2640107237
4799679484
4798669632
4798958557
3400586860
4799218420
3969677070
4796601286
4796079665
4761380010
4645123731
4791851574
4794617428
4798771256
4798699737
4715357677
4638407346
4786659310
3892285378
4797046786
4798500940
4798591954
4798566268
4798497819
4793121293
4798519340
4798091267
4797666867
4644441557
4798114300
4784551029
4797468828
4786468195
4796437431
4685384184
3738984373
4795850808
4796035413
4797360651
4749225289
4736262462
4797301297
4777220907
3837341462
4794569474
4207738139
4636526482
4796362541
4370076596
4096420469
4665193768
4796938934
4797020908
4795707738
4681352201
4747123875
4795876775
4790217377
4795702994
4795687028
4796246818
4716521648
4796760015
4681306393
4790622681
4795228480
4795489961
4757005156
4754356530
4795970242
4795827016
4632697324
3675423635
4795895894
4795845080
4790333836
3949760877
4771126283
4661008695
4795603210
4795750451
4795591184
4785825535
4767614257
4795563748
4795240095
4794033093
4794960280
4777722422
4795135316
2054461787
4790295794
4787281684
4794427035
4794016283
4794338017
4770356847
4791775901
3349615808
4794414350
4762952423
4769735821
4764263160
4793803403
4765904207
4789455552
4791764894
4793844858
4781682628
4782966881
4304355385
4755472975
4642531596
4793851238
2400218887
4793904628
4793582190
4336806022
3822113256
4791003155
4743768729
4792769564
4780501206
4792183287
4775836417
4793594449
4386780614
2416548034
4766488056
4776412320
4778139212
4485500733
4558698399
4179242776
4773590346
4792855516
4792891318
4745099839
4764545512
4785978907
3999911922
4668410918
4791306936
4329338461
3622535857
4792547157
4746240946
4769323568
4791495069
4791924825
3989993761
4792335926
4792415064
4350495848
3376175045
2579706004
4791539702
4787958688
4779675682
4791440872
4791049374
4790565657
4780365331
4790771534
4763151136
4396644993
4747338282
4299269148
4791110701
2611482676
4762537045
4766893756
4790944118
4790254210
4791038273
4791048755
4788446302
3742876578
4790406200
4343211695
4787588417
4772607676
4783099078
3538588985
4750717543
4741166323
4788955756
2718904476
4789827610
4783484804
4790020773
4789922839
4785522943
4789855369
4752590064
4752036018
4787417578
4719717697
4671220497
4788531937
4786087627
4592662463
4722516189
4572399007
4789646741
4759277247
4767252231
4788568187
4789500522
2288243524
4600158196
4143243822
4782134010
4786454659
4779701378
4776293575
2835959361
4747317319
4788995282
4788232715
4787448761
4788427600
4087224637
4465135269
4788418511
4778621115
4787958006
4782952200
4572041588
4739440311
4787778266
4788230376
4787807423
4621780038
4728841992
4784801993
4771063301
2876887484
4783480309
4755795083
4786510256
4781996969
4749212751
4787190522
3714170094
4418033305
4778135277
4619187409
4781917730
4722727669
4179007140
4771064452
4104569132
4787048481
4787036080
4780023066
4774771952
4786922288
4771716401
4786806682
4487167141
4786753590
4767574570
4783289242
4786196757
4786770164
4786728170
2211860135
4530257992
4504313994
4785621632
4745813543
4771250060
4751494758
4785937406
4737516653
4784120047
4784562035
4774452649
4785971641
4784879069
4785808361
4785876661
3948259754
4785468669
4785827650
4321070974
4785361502
4784186923
4655251827
4784744129
4773990606
4785541254
4750520746
4710492897
4784458652
4773065195
4412265832
4434649029
4785351471
3461570620
4701405332
4784484309
3533049805
3532985705
4783685867
4784662857
4772956724
4784570623
4756221921
4067979547
4783398154
4762576640
4784526051
4784295975
4765213221
4770968695
4783665895
4782955498
4352448708
4780673421
4571675354
4144486286
4784148108
4784083859
2989665296
4783475447
2963084621
4783447341
4772262206
4783360531
4566581519
4714616953
4307496561
4783193059
4783151898
3145320602
4693283512
3078678983
4578508460
4783162726
4692524847
4783156851
4723058808
2613230777
3282356837
4775188916
4774499925
4765446389
4782664455
4731715400
3446084298
4567050149
4252569929
4769824869
4779992442
4685191431
4781623243
4765142970
3885531031
4782177041
4699340493
4775053606
4781908781
4782127159
4243916760
4782122180
4426185478
4013794148
4779228308
4778436384
4781907574
4585550108
4653148801
4237053760
4781899561
4776834744
4778962988
4365952680
4781892634
4762597965
4704035541
4780016981
4767269443
4665902783
3333866647
4727584479
4738909369
4680924273
4781614298
4345324215
4747922845
2614719823
2627474368
4780994650
3454355899
4780464671
4767134132
4779865432
4757389892
3195028980
4780840541
4761056424
4749068925
4518815363
4772130954
3800883037
4738017841
4780614673
4780050194
4776567199
4774494254
4779180861
4752933518
4780460188
4779178946
4600774005
4775778706
4779196615
4778684675
4779839914
4780485966
4773646832
2520519269
4775921417
4780433522
4770322807
4779496701
4780277657
4768747009
4355921348
4779444547
4772629508
4253933570
4773667503
4707149929
4779401331
4763019232
4779514359
4778807356
4749022849
4779267002
4777971748
4762136823
4779361328
4308116055
4779340467
4779351038
4760973891
3923501642
4749455860
4779314421
4779295718
4779244961
4778623452
4732826406
3778336952
4779038764
4766481477
4726589765
4779098583
4734716906
4778433013
4779093709
4682087789
4734238852
4753526183
4779093395
4740130005
4697705420
4777034985
4090896229
4772509715
4778119800
4526495484
4697098614
4750619909
4778086422
4753388181
4778098185
3998926761
4777305562
4767892475
4663649677
4773138545
4777773175
4777917751
4767511465
4777328059
4298550646
4760178065
4776550054
4193073032
4777188797
4688859755
4724333177
3897504914
4776537375
4777091888
4355399208
4770426051
4174741861
4747636215
4775862779
4758709762
4732806019
4603764552
4773575865
4729803979
4776724818
3901795320
4420926270
4776682231
4770398064
4776625690
4726626152
4776556777
4759276080
4776545412
4775881997
4775701096
4775614422
4768485485
4660878038
4464747560
4775551961
3687244088
1389605255
3603575548
4775550231
4774930123
4764660628
3840342431
3665957780
4775383499
4718132169
4771097735
4734189952
4770462152
4775011182
4718593277
4525295887
4297975486
4754881047
4502952399
4769675664
4775263836
3404558373
4774108315
4775127547
4774883689
4743180762
4773740513
4758207564
4594992340
4768405243
4773076199
4732594307
4771485069
4768329815
4773848784
4769287862
4772984042
4639115379
4772528529
4771861898
4764272604
4773824860
4773890678
4773791762
4772600249
4773440410
4773411620
4773689029
4716573471
4773604517
4699126590
3686519389
3686712518
4771523714
3470818428
4772666833
4772185567
4732996987
4026457393
2028153923
2964942884
2674311067
4770687445
4389777861
4772483934
4771855561
3640546549
4772293651
4758151301
4761784786
4772439804
3873158703
4743396955
4768845960
4771411513
2797333259
4616794912
4685425772
4683970423
4769565182
4772064417
4771025981
4513285880
4772167476
4772086448
4766577239
4772120289
4772052163
4772161537
3682651671
4753534002
4769630884
4547699601
4771834263
2728610457
4771335821
4756636881
4132956249
4758297424
4770233726
4771104942
4764164796
3726656362
4771072279
4761052984
4770565745
4770981157
4763278455
4770501935
4754150023
4312006493
4768081046
4743532023
4770812340
4428626886
4762157770
4007554617
4768980477
4759677849
4770284592
4767835916
4741859784
4753271902
3743851548
4216308244
4770564395
4633094734
4770558290
4769725684
4769988887
4769978327
4769763928
4769653044
4695798521
4769742332
4769026715
4769704170
4769213476
4769197198
4763603122
4241751083
4560641921
4769627072
4749519290
4769494136
4377088138
4768475723
4767307993
4756707911
3715003809
4769383411
4769426728
3670925065
4769375436
3587297459
4694859854
4769308341
4685278774
4749412631
4768844628
4762854942
4580937387
4768233355
4767869074
4767781969
4767602431
4727754268
4764380816
4384486653
4759198061
3363465583
4767365961
4767991303
4707205637
4764729782
2504852503
4767721467
4458229029
3753111164
4764806110
4044941251
4765280947
4348135571
4767627452
4767700015
4767586218
4767871569
4767122485
4361244595
4425100260
3243330113
4708188944
4743721605
4159492291
4511897205
4759192400
4767716721
4317350509
4765578784
4766338962
4295936299
1797943441
4369847371
4765722347
4757360430
4762466288
4765210796
3657990133
4337459043
4766623270
3968176011
4765863807
4764616335
3380734141
4750303233
4763941381
4762349440
4231734015
1973224256
4766417782
3668715360
4599308775
3473331858
4766352089
4643852304
4718089602
4743315501
4764626521
3587509163
4351159120
4758356664
4765013683
4256209496
4764705777
4754156937
4740399403
4760037095
4762679449
4752663780
4765329179
4758999548
4725985403
4039465241
4478964991
4580769098
4760787893
3782518298
4765100007
4757535592
4764984768
4750514704
4765099379
3881891386
4013528750
4764305407
3877678447
4385266595
4761873995
