4789066538
4715996022
4765136141
4826305361
4765228888
4844966989
4846773106
4749770213
4784418488
4685012687
4848710287
4640327673
4554585730
4851545444
4825802198
4850766636
4794225271
4710935273
4849729093
4709527173
3926352180
4850512971
4618951229
4854049207
4414658656
4573695703
4847839498
4835825119
4849509301
4842693839
4853705204
3379751264
4673486300
4438867190
4769361612
3220667159
4837752415
4203123259
4766700709
3640523277
3537256848
4844657912
4851079261
2965732878
4842008400
4851779327
3770219960
4850856245
4827552945
4656150452
3909864456
4716525696
4847062549
4724206021
4848233660
4846379418
4850494075
4408980365
4412637945
4760753504
4337717298
3781770252
4680922420
4635659792
4768840356
4849139683
4137077922
4828292659
4794953370
4847789866
3174819091
4706669778
3449854809
3329654934
2376328576
4623734989
4734580263
4824911977
4370978136
4804757541
4369524114
4247721642
4546289363
4846467983
4842090345
4398952329
3894513880
4371656107
4843321814
4807604635
3579094091
3727978363
4716791319
4842776735
4749910129
3776286606
3933031136
4843060853
4842807034
3615996960
3584235189
4674803177
4380862822
3910671832
4350248609
4144740336
4840763737
4840651413
4841214732
4819818167
4798593182
4840024150
4751905106
4840009228
4724638355
4618814435
3868544012
4261368284
4416774608
4408089527
3371840964
4838325190
4828696596
4838324005
4693073565
4018863985
4837490671
4668233890
3352290428
4365789968
3902103588
4836096549
4636187561
4587012521
3163451920
3626178511
4664276112
4761255070
3790204427
4828068842
4834354586
4804580503
4409809342
4734753761
4800420209
4418804879
4831820173
4829418405
4545494693
4733447530
4824110587
4832559803
4831119232
4330475301
4831246931
4788577377
4830871014
4524918048
4753965177
4812456894
4829396385
4795810162
4830211463
4829523099
3863865764
4677535511
4828551875
4827677425
4701280385
4827404232
4486380269
3897638628
4779037625
3508177878
4189482968
4641182059
4812833211
4788586561
4738064828
3813656508
3926871135
4013472689
4819551862
3573312870
4569828082
4755626788
4780679252
4348591961
4681962528
4817827537
3938751610
4331936722
4597336271
4812136527
4760371249
4809631184
4800775747
4383243632
4156253905
3964835421
3201009910
4191664907
4561539010
4784661106
4709197452
4811984958
4553856013
4411682714
4634950073
4735019298
4312647185
4579959822
4767815450
4807717463
3965812267
4810491829
4810576057
4628717903
4626934373
4803922224
4530317203
3361216241
4801543753
4806289985
4798002077
4802536680
4795391712
4806222915
4806159915
4787955038
4705024963
4805193934
4550994011
4567709122
4804680318
4690694190
4703160541
4409390783
4363671599
4688377859
4802468321
4800706342
4773434059
4646096296
4801234527
4559747924
4509122774
4121027410
4762121985
4800387369
4464222174
4800394622
4541288952
4798968994
4107815736
3598384740
4790306388
4798693697
3897343764
4754181690
4796634432
4791647799
4795546962
3861838105
4793475762
4795468585
4795567010
4794901853
4743728503
3791818070
4792585763
4646992341
4785741915
4793425163
4588227222
4034415103
4441661853
4348483746
3808503079
4730321658
4790890465
3544968789
3603818790
4790357556
4537643561
4407384451
4784833201
4757086992
3776249419
4588212711
4788120260
4247144056
4787244849
4786165383
4786350250
4188265347
3740411036
4646042275
4158461695
4470457626
4784684792
3868704618
4784635062
4784548443
4777901656
4759461427
4480376023
4783354093
4781754190
4723559530
4656727360
4782190552
4735641915
3618497705
3250156719
4779639758
3224286904
4780998536
4777353850
4779103068
4774975168
4682087789
4778970457
3780784927
4778825443
3772633585
4728886910
4776167810
4747429574
4522515558
4729958747
4747003411
4775330284
4775774795
3974565192
4763663215
4296161103
4215952163
4755204125
4738281414
4047065570
4743249475
4734366052
3762644003
4657975625
4730946311
4766637909
3497088649
4770370137
4501704720
3772565687
4712418190
4718301724
4769485393
4529910530
2548943677
4669495254
4690670913
4729893308
4765857621
4765433444
3989998992
3154905690
3902056927
4724081546
4734587057
4763653688
4760776767
4758907635
3617113911
4761950641
4760921197
4754604379
4757428765
2909565101
4759870882
4759287310
4708475207
4738723191
4716439466
4757605077
4028232812
4758328121
4747381270
3739852724
4756952589
4709146772
4757132642
4754890582
4755709099
4755981935
4755801886
4552988855
4755291173
4743794732
4753743828
4691808437
4749496637
4752353635
4708858558
4738710106
4412667231
4236221745
4750129857
4648869312
4749229390
4562188360
2665648758
4748318910
4321057639
4455434770
4684061199
4747431314
4747423878
4746582599
4618362711
4699844610
4739615058
4736898701
4739109979
4745265760
3955627794
4739612625
4743742792
4104180939
4742116427
4743344840
4743076233
4735301766
4739586650
4737481194
4382664600
4739950840
4020248582
4083454073
3564082599
4740277961
3749861887
4734718810
4738517213
4739371689
4704308623
4698682494
4738491951
4736608115
4682012197
4247815318
4735280331
4588342454
4736537250
4735209783
4634666711
3959092746
4735947004
4735399470
4736426612
4735218615
4735086307
3788791602
4734419275
4720262725
4705247646
4733773655
4480035319
4731474644
4317187431
4731855409
4724101249
4731127106
4731081299
4731183762
4228602039
3801419835
4179466719
3833553131
4694726172
4245291315
4727762185
3838441149
3721381044
3787206474
4256169103
4612267236
4560581755
4716439787
4704872065
4708067163
4723019660
4724541257
4700931541
4724350919
4390222372
4723148472
4717002598
3989642207
4672650542
4592631168
4720191712
4718972888
3785490277
4708974037
4711130308
4720425265
4638931493
4719676231
4717523921
4405585111
4710368335
3813231919
4221393830
4716857334
4547015603
4610402270
4350745818
4690916393
4702037389
4705518741
4628838324
4713404986
4713009797
4694291099
4698491464
4697804746
4597004054
4667865857
3604975120
4707354820
4655681824
4707198895
4705780060
4707193593
4529883075
4707198865
4700167235
3586207347
4704241669
2552792264
4701463019
4703232988
4703099894
4510325675
4560248301
4702782824
4702468222
3784652542
4700174433
4559098746
4696872939
4701535317
4695121146
4658176356
4657458645
4700502943
4664434223
4088457666
4699335111
4633072573
4082336808
4649962206
4666724181
4614919476
4667927957
4687892656
3798714301
3594533987
4695307139
4570583021
4694751351
4311739282
4694460846
4688068473
4614925322
4672764318
3655306075
4688980518
4685183065
4168105194
4682097451
4690411928
4563325167
4688944698
4361346046
4686795969
4550049269
4687545536
4556538635
3864748889
4354308808
4686510545
4329429658
4683118962
4365645158
4685767142
4685339001
4078256110
4241907226
3850114464
4684602909
4683392845
4683841985
4665159770
4682539906
3620163803
4682217240
4425284723
4574169965
4681681421
4171502265
4678866323
4239532565
4597048527
4669746799
4674282404
4675596750
4661450785
4671851761
4674883659
4672793669
4674519041
4674295334
4674071107
4673819069
2544951826
4672263849
4672881347
4670578074
4671770427
4671605064
4670513919
4670525407
4549077954
4670403311
4667982066
4669949515
4637459339
4246269269
4087970752
4668746302
3778582955
4331220541
4668442251
4668406148
3916025023
3828562304
3828725960
3828109748
3885440558
4645030852
4662972085
4662884206
4651018553
4566590985
4666198075
4653442558
4662774217
4664572601
4663803357
4487676042
3913050237
4365260076
4614929685
2975918494
4661347491
3686814901
4660684329
4660385483
4658533075
4659532927
4483981821
4656954785
4658754418
4658497124
3801654196
4658210742
4656976288
4012953866
4656491288
3874725458
4655420942
3778338685
3970062866
4652937717
3773566206
4654883484
4357961075
4501082684
4653205317
4652202368
4647826945
4652905776
4652743178
4651392608
4649028648
4649936502
4650217229
4650120144
4649890720
4649831269
4649637192
4649619958
4649636410
3975483422
4649183831
4584918938
4648533372
4637634393
4648000135
4630820298
4644932211
4634946906
4642067268
4644097687
4643857668
4643735356
4641371963
3800629595
4640732591
4642002780
4628895266
4641693320
4639799752
4619931010
4639276869
4640527100
3603265483
4345134024
4639627375
4639554146
4637298000
4638763195
3955580720
4634874537
3611598870
4549169497
4402992478
4614658507
4630521743
4629809686
4618830398
3951074547
4608571661
4629199365
4626856104
4402498854
4620577925
4625500827
4625779553
4622899747
4624281444
4621469209
4359536799
3881906717
4620315838
4621599324
4622855110
3908452074
4547464782
4621308612
3946131216
4621128759
4620854888
4612679085
4602611538
4612886393
4546255114
4617120230
4130560787
4615820987
4616997902
4610743570
3833285409
3951222890
4613916962
3781964150
3244898941
4589841990
4612253673
4612179098
4600676986
4611273066
4485881700
4610028354
4238539701
4607392835
4608611608
4348669221
4605540896
4201572166
4554893457
4544824207
4603466081
4602791723
4601846580
4601339987
4600782231
4595352685
4594632250
4599202538
4599073914
4598970224
4536846567
4193041925
4596366405
4592005258
4591827548
4590788353
4556565185
4548900686
4234117446
4573059144
4369436228
4593402591
4589516267
4592499589
4590788337
4590337718
4341624643
4576473576
4588517592
4548373898
4019612510
4586694236
4318344135
4586792027
4586349304
4586152405
3893609531
4585255613
4583774658
4584915941
4583063823
4583392062
4448980355
4519685533
4578480357
4580225849
4577477125
4579257750
4579246057
4579172532
4578187934
4388239101
4562576378
3591993520
4560167220
4573014634
3981237894
4574409116
4574421201
4436109437
4572480504
3610090551
4552657604
4551369957
4441085711
4572770114
4547417866
4567346524
4570689021
4569382397
3216708629
4435635896
3777336463
4229001557
4546314594
4566838243
4562779693
4511799544
4564090535
4554684806
4532547077
4560618751
4564063464
4563607974
3550752956
4562183141
4562192140
4562034034
4545140565
4561346571
4560951577
4558720049
4560635556
4558388047
4327742343
3946876089
4555538254
4555917471
4548996257
4555429811
4556177919
4555254055
3789643133
4553248963
4499708571
4546811707
4546604609
4547416450
4537414979
4549876276
4546972904
4539328015
4549062825
4548661312
4534532067
4547590453
4547471584
4547407858
4424197628
4497396742
4513066942
3983741314
4545122780
4543331985
4544721052
4544671466
4543899171
4539430511
4540902958
4542609435
4453343196
4541013304
4021813916
4540621050
4330456641
4536903791
4479401166
3818943614
4514545413
4506984083
4486891456
4532929715
4527032605
4533215865
4339403516
4305314541
4483262177
4470520752
4515638618
4529263816
4528161397
4532482312
4532428399
4514679630
4530385849
4530225601
4529922399
4527607526
4526436228
4525865608
4525686430
4521086752
4171764393
4517768090
4520605560
4304992750
4519946329
4519106410
4518951429
4518915897
4031951631
4517967583
4517689179
4517144596
4516872270
4492321207
4516081240
4506667187
4444757068
3927198060
4236927334
4506340645
4510315283
4503389617
4509893194
4475693978
4502125878
4505435338
4504367416
4503131117
4453189038
4500873220
4497735717
4498019587
4488102942
4498675550
4496446735
4494926008
4494057530
4492583919
3692155533
3624278294
4149130444
4489776303
4450393258
4481134934
4442275008
3918871801
4484989540
3788239769
4484218762
4484204912
3781156232
3912694930
4481520542
4480784951
4476802391
4480194561
4469134761
4479651439
4479676902
4479516453
4469787695
4470377907
4350377901
4466294960
4468802939
4456231876
4433665659
4256673083
4462234980
4462084357
4460954110
4427194272
4448801909
4094095369
4313875897
4454294138
4453030763
4451012739
4452101368
4014846950
4447574526
4405665373
4450646815
4440671870
4448602018
4441445152
4447839471
4419985570
4448301028
4445262264
4046663678
4240433184
3611089254
4396879763
4442085253
4245075509
4400170206
4368536388
4440010416
4438726021
4438068687
4329979854
4438002342
4398120694
4374557489
4436898210
4434865368
4433419160
3706571091
4433485221
4302618791
4433189972
3528685613
4432885608
4432732021
4032091502
4430732335
4429995062
3991933975
4400560164
4427644098
4426666427
4378243167
4426020849
4111740875
4395007989
4421210136
3561724264
4419988362
4414941053
4245368523
4416854086
3891966806
4412282008
4415391425
4386804498
4401908333
3912496079
4413380932
4409084311
4411319057
4410548115
3785571096
4407669705
4405503269
4377823086
4402512643
4400459943
3223981454
4398353794
3597423262
4170789257
4391495271
4386527602
3880217385
4336453577
4385121177
4384946695
4381603779
4374185225
4380501288
3974058018
4331433916
4379797102
3794437332
3872626537
4057690246
4131882195
4354045387
4376342506
4373610074
4374479347
4367634008
4350026996
3993494168
4365531458
3991196656
4367671386
4369909120
4368711058
4367437674
4364806178
4363353649
4367606083
4367441600
4367017651
4365724617
3342643902
4364247511
3821665822
4363264754
4363374316
4363318660
4361074448
4361789925
4352948709
3976953831
4359157191
4359049611
3793015944
4046845085
4357294505
4346639375
4356651478
4355809750
4355476095
4301687080
4354061739
4349065606
4354193836
4353143447
4352354927
4339517135
4341034432
4351773243
3813262593
4350531017
4304457179
4349939897
4349710514
4335773596
4348230333
4246779302
4336799070
4340448300
4344967849
4335644572
3238108982
4346438649
4341035419
4346254174
4344663519
4339267232
4343412407
4343239068
4342903074
3948897177
3954779109
4127719070
4332712530
4339792139
4340289813
4300234560
4337984431
4337801274
4336945763
4150953309
4336916536
4336203654
4335407010
4334924316
4257823913
4319242250
4245922105
3635189010
4321236487
4330843038
4048965697
4328563884
4204574062
4327823411
4327683374
4227838002
4322962517
4325536454
4322890448
4322508001
4317424859
4320058691
4319919413
4319452016
4312018017
4317425764
4259145605
4051519863
4315320178
4313704954
4311485800
4311372424
4311374593
4311266576
4309684660
4309902943
4217414466
4004105915
4308382594
4308145452
4305242026
4305310704
4137500763
3862886181
4302880055
4297292426
4246239704
4218792547
4295002450
4243480319
4262078363
4242291093
3940295804
4257895458
4254146913
4238721076
4236978215
4224196807
4217511523
4250608385
4251046923
4243361731
4233653757
4246659757
4243714581
4245375464
4066115189
4241495248
4032093974
4215499129
4238751312
4240477555
4238824674
4237253031
4226483712
4234734828
3787863548
4048004374
4179841332
4227063478
4178414756
4229712157
4232252440
4211827777
4231252059
4230897824
4228673683
4230726393
4225271530
4228464781
4227293523
3726289372
4223428499
4223938249
3821362089
4079998308
4221440204
4221371147
3617262437
4219710778
4216284972
4217555665
4216076422
4215654273
4215159016
4212586504
4212390814
4213200481
4213333317
4212717466
4212502038
4212519469
4211737335
4210978024
4207588117
3880883472
3819449418
4200255830
4201985683
4142372425
4199757252
4180493892
4197071839
4192052942
3796999859
4111969079
4193051696
4192668562
4191084359
4177129484
4190372489
4129101106
4188434758
4150988853
4185555032
4185273871
3622395683
4174258958
4015967550
4180859323
4180825242
4175223920
4015316635
4174378812
4179765796
4177917304
3987744944
4168977663
4006058976
4035581263
4171122736
4172568489
4169517216
4150786254
4171379785
4169234296
4100228725
4159861713
4148278389
4161846286
4150671299
4161456036
4159798036
4159667196
4159053474
4157976424
4156333990
4092473073
4158075624
4156676156
4155002954
4154804969
4154667809
3959281193
4152100588
4152170981
4150914382
4150354482
4133582113
4139792140
4147125503
4147539719
4147209216
4141984856
4148808176
4147330672
4147001224
4146057078
4146334794
4140921375
4114765640
4145802925
4145056379
4143786737
4143547435
4143485405
3813277774
4133533044
4127245242
4141916512
3935718484
4137398895
3961038332
4137131415
4137913757
4137220227
4134028624
4133960720
4132255662
4127061320
3640630952
4121376698
4111614786
4128663812
4126255872
4113439576
3991292080
4124607602
4120833336
4076914442
4120323666
4114188278
4091224269
3946540060
4117385315
4115515900
4046240891
4112415991
4111615733
4111875812
3862704994
4108903492
4095812460
4105260562
3957065387
4102112428
4101644822
3870295710
4071911127
4091278541
4086062926
4081506171
4081381688
4077790020
4078505173
4043793554
4072586809
4075934670
4073123827
4072878301
4071953535
4070562272
4069795000
4069704098
4066184498
3483414015
4067913840
4016982094
4067167874
3994897345
3786679945
4062333049
4065299085
3802086349
4063212657
3982845422
4060116851
4000749220
4058711995
3865137539
4058183001
4056474875
4052150721
4054596121
3836925353
4046414308
4050972401
3804007703
4040570432
4046581073
4044691204
4044312142
4040085905
3965085618
4038583819
4038409374
4036782475
4036335154
4035200719
3979595595
4034424455
4032930401
4029360738
4031219016
4030371881
4029634109
4027859884
3336503480
4027973274
4027736212
4025843891
4025826357
4023258589
3175398205
4016256946
4020509267
4019829701
4019411304
4018658446
4017871413
3982733538
3999445511
4016312900
4014808234
4014264620
4012506498
4009971891
4001566948
4011139237
4011065024
4010495129
4009221652
4009676585
